4
4
14
4
4
3
sqrt(3)
1
2
0
0
0
0
3
3
3
sqrt(3)
1
0
0
1
2
3
3
sqrt(3)
1
0
4
3
3
sqrt(3)
2
1
1
2
3
sqrt(3)
0
0
1
1
0
3
2
3
sqrt(3)
1
1
2
3
sqrt(3)
0
2
1
0
4
3
3
1
2
1
1
2
3
1
0
0
1
1
0
3
2
3
1
1
1
2
3
1
0
2
1
0
4
3
sqrt(3)
1
2
1
1
1
sqrt(3)
1
1
1
1
0
0
3
2
sqrt(3)
1
1
1
1
sqrt(3)
1
1
1
1
1
1
0
3
2
sqrt(3)
2
1
1
1
sqrt(3)
0
1
1
0
2
1
sqrt(3)
1
1
1
sqrt(3)
2
1
0
3
2
1
2
1
1
1
1
0
1
1
0
2
1
1
1
1
1
1
2
1
0
2
1
2
0
2
1
0
1
0
3
1
0
14
0
0
1
3
3
sqrt(3)
2
sqrt(3)
1
0
1
2
3
sqrt(3)
sqrt(3)
1
0
1
3
3
1
2
1
1
0
1
2
3
1
1
1
0
0
0
0
0
0
0
0
0
